              precision    recall  f1-score   support

           0       0.00      0.00      0.00         8
           1       0.00      0.00      0.00         4
           2       0.00      0.00      0.00         3
           3       0.00      0.00      0.00         6
           4       0.00      0.00      0.00         4
           5       0.00      0.00      0.00         5
           6       0.00      0.00      0.00         3
           7       0.40      0.50      0.44         4
           8       0.00      0.00      0.00         0
           9       0.00      0.00      0.00         3
          10       0.50      0.25      0.33         4

    accuracy                           0.07        44
   macro avg       0.08      0.07      0.07        44
weighted avg       0.08      0.07      0.07        44

[[[35,  1],
  [ 8,  0]],

 [[38,  2],
  [ 4,  0]],

 [[34,  7],
  [ 3,  0]],

 [[35,  3],
  [ 6,  0]],

 [[35,  5],
  [ 4,  0]],

 [[35,  4],
  [ 5,  0]],

 [[38,  3],
  [ 3,  0]],

 [[37,  3],
  [ 2,  2]],

 [[36,  8],
  [ 0,  0]],

 [[37,  4],
  [ 3,  0]],

 [[39,  1],
  [ 3,  1]]]

time passed: 6340.66753578186
# authors: 11
# train docs: 176
# test docs: 44
vocab size: 2500