              precision    recall  f1-score   support

           0       0.08      0.08      0.08        12
           1       0.14      0.10      0.12        10
           2       0.00      0.00      0.00         5
           3       0.07      0.12      0.09         8
           4       0.33      0.14      0.20        14
           5       0.00      0.00      0.00        10
           6       0.29      0.15      0.20        13
           7       0.09      0.09      0.09        11
           8       0.00      0.00      0.00        12
           9       0.00      0.00      0.00         5

    accuracy                           0.08       100
   macro avg       0.10      0.07      0.08       100
weighted avg       0.12      0.08      0.09       100

[[[77, 11],
  [11,  1]],

 [[84,  6],
  [ 9,  1]],

 [[83, 12],
  [ 5,  0]],

 [[79, 13],
  [ 7,  1]],

 [[82,  4],
  [12,  2]],

 [[80, 10],
  [10,  0]],

 [[82,  5],
  [11,  2]],

 [[79, 10],
  [10,  1]],

 [[79,  9],
  [12,  0]],

 [[83, 12],
  [ 5,  0]]]

time passed: 15180.774267435074
# authors: 10
# train docs: 400
# test docs: 100
vocab size: 2500