              precision    recall  f1-score   support

           0       0.17      0.09      0.12        11
           1       0.00      0.00      0.00        10
           2       0.00      0.00      0.00        10
           3       0.38      0.46      0.41        13
           4       0.22      0.22      0.22         9
           5       0.10      0.08      0.09        13
           6       0.13      0.50      0.21         4
           7       0.19      0.27      0.22        11
           8       0.00      0.00      0.00        11
           9       0.11      0.12      0.12         8

    accuracy                           0.16       100
   macro avg       0.13      0.17      0.14       100
weighted avg       0.13      0.16      0.14       100

[[[84,  5],
  [10,  1]],

 [[86,  4],
  [10,  0]],

 [[84,  6],
  [10,  0]],

 [[77, 10],
  [ 7,  6]],

 [[84,  7],
  [ 7,  2]],

 [[78,  9],
  [12,  1]],

 [[83, 13],
  [ 2,  2]],

 [[76, 13],
  [ 8,  3]],

 [[80,  9],
  [11,  0]],

 [[84,  8],
  [ 7,  1]]]

time passed: 16169.483988761902
# authors: 10
# train docs: 400
# test docs: 100
vocab size: 2500