              precision    recall  f1-score   support

           0       0.00      0.00      0.00         9
           1       0.17      0.25      0.20         8
           2       0.50      0.30      0.37        10
           3       0.14      0.08      0.11        12
           4       0.07      0.11      0.08         9
           5       0.33      0.27      0.30        11
           6       0.31      0.50      0.38         8
           7       0.20      0.33      0.25         9
           8       0.09      0.07      0.08        14
           9       0.29      0.20      0.24        10

    accuracy                           0.20       100
   macro avg       0.21      0.21      0.20       100
weighted avg       0.21      0.20      0.19       100

[[[86,  5],
  [ 9,  0]],

 [[82, 10],
  [ 6,  2]],

 [[87,  3],
  [ 7,  3]],

 [[82,  6],
  [11,  1]],

 [[77, 14],
  [ 8,  1]],

 [[83,  6],
  [ 8,  3]],

 [[83,  9],
  [ 4,  4]],

 [[79, 12],
  [ 6,  3]],

 [[76, 10],
  [13,  1]],

 [[85,  5],
  [ 8,  2]]]

time passed: 18433.938235998154
# authors: 10
# train docs: 400
# test docs: 100
vocab size: 2500