              precision    recall  f1-score   support

           0       0.00      0.00      0.00         3
           1       0.50      0.12      0.20         8
           2       0.00      0.00      0.00         2
           3       0.00      0.00      0.00         6
           4       0.17      0.33      0.22         3
           5       0.00      0.00      0.00         5
           6       0.00      0.00      0.00         4
           7       0.00      0.00      0.00         2
           8       0.00      0.00      0.00         3
           9       0.00      0.00      0.00         4

    accuracy                           0.05        40
   macro avg       0.07      0.05      0.04        40
weighted avg       0.11      0.05      0.06        40

[[[34,  3],
  [ 3,  0]],

 [[31,  1],
  [ 7,  1]],

 [[32,  6],
  [ 2,  0]],

 [[32,  2],
  [ 6,  0]],

 [[32,  5],
  [ 2,  1]],

 [[28,  7],
  [ 5,  0]],

 [[33,  3],
  [ 4,  0]],

 [[31,  7],
  [ 2,  0]],

 [[35,  2],
  [ 3,  0]],

 [[34,  2],
  [ 4,  0]]]

time passed: 5636.527916669846
# authors: 10
# train docs: 160
# test docs: 40
vocab size: 2500