              precision    recall  f1-score   support

           0       0.20      0.14      0.17         7
           1       0.33      0.20      0.25         5
           2       0.00      0.00      0.00         2
           3       0.00      0.00      0.00         4
           4       1.00      0.17      0.29         6
           5       0.00      0.00      0.00         3
           6       0.00      0.00      0.00         2
           7       0.00      0.00      0.00         5
           8       0.17      0.33      0.22         3
           9       0.25      0.33      0.29         3

    accuracy                           0.12        40
   macro avg       0.20      0.12      0.12        40
weighted avg       0.26      0.12      0.14        40

[[[29,  4],
  [ 6,  1]],

 [[33,  2],
  [ 4,  1]],

 [[36,  2],
  [ 2,  0]],

 [[34,  2],
  [ 4,  0]],

 [[34,  0],
  [ 5,  1]],

 [[35,  2],
  [ 3,  0]],

 [[32,  6],
  [ 2,  0]],

 [[26,  9],
  [ 5,  0]],

 [[32,  5],
  [ 2,  1]],

 [[34,  3],
  [ 2,  1]]]

time passed: 5650.246092796326
# authors: 10
# train docs: 160
# test docs: 40
vocab size: 2500