              precision    recall  f1-score   support

           0       0.23      0.44      0.30        16
           1       0.27      0.17      0.21        24
           2       0.29      0.19      0.23        21
           3       0.22      0.21      0.22        19
           4       0.22      0.25      0.23        20

    accuracy                           0.24       100
   macro avg       0.25      0.25      0.24       100
weighted avg       0.25      0.24      0.23       100

[[[61, 23],
  [ 9,  7]],

 [[65, 11],
  [20,  4]],

 [[69, 10],
  [17,  4]],

 [[67, 14],
  [15,  4]],

 [[62, 18],
  [15,  5]]]

time passed: 13074.651001691818
# authors: 5
# train docs: 400
# test docs: 100
vocab size: 2500