              precision    recall  f1-score   support

           0       0.10      0.09      0.10        22
           1       0.10      0.18      0.12        11
           2       0.29      0.19      0.23        26
           3       0.15      0.25      0.19        16
           4       0.25      0.16      0.20        25

    accuracy                           0.17       100
   macro avg       0.18      0.18      0.17       100
weighted avg       0.20      0.17      0.17       100

[[[60, 18],
  [20,  2]],

 [[70, 19],
  [ 9,  2]],

 [[62, 12],
  [21,  5]],

 [[62, 22],
  [12,  4]],

 [[63, 12],
  [21,  4]]]

time passed: 11740.759201049805
# authors: 5
# train docs: 400
# test docs: 100
vocab size: 2500