              precision    recall  f1-score   support

           0       0.32      0.35      0.33        20
           1       0.24      0.21      0.22        19
           2       0.12      0.08      0.10        24
           3       0.27      0.29      0.28        21
           4       0.26      0.38      0.31        16

    accuracy                           0.25       100
   macro avg       0.24      0.26      0.25       100
weighted avg       0.24      0.25      0.24       100

[[[65, 15],
  [13,  7]],

 [[68, 13],
  [15,  4]],

 [[62, 14],
  [22,  2]],

 [[63, 16],
  [15,  6]],

 [[67, 17],
  [10,  6]]]

time passed: 12357.484438180923
# authors: 5
# train docs: 400
# test docs: 100
vocab size: 2500