              precision    recall  f1-score   support

           0       0.53      0.43      0.47        21
           1       0.19      0.14      0.16        21
           2       0.13      0.24      0.17        17
           3       0.32      0.32      0.32        19
           4       0.33      0.27      0.30        22

    accuracy                           0.28       100
   macro avg       0.30      0.28      0.28       100
weighted avg       0.31      0.28      0.29       100

[[[71,  8],
  [12,  9]],

 [[66, 13],
  [18,  3]],

 [[57, 26],
  [13,  4]],

 [[68, 13],
  [13,  6]],

 [[66, 12],
  [16,  6]]]

time passed: 14375.869076251984
# authors: 5
# train docs: 400
# test docs: 100
vocab size: 2500