              precision    recall  f1-score   support

           0       0.33      0.50      0.40         4
           1       0.00      0.00      0.00         3
           2       0.00      0.00      0.00         3
           3       0.50      0.17      0.25         6
           4       0.00      0.00      0.00         2
           5       0.00      0.00      0.00         4
           6       0.40      0.33      0.36         6
           7       0.00      0.00      0.00         3
           8       0.00      0.00      0.00         4
           9       0.00      0.00      0.00         5

    accuracy                           0.12        40
   macro avg       0.12      0.10      0.10        40
weighted avg       0.17      0.12      0.13        40

[[[32,  4],
  [ 2,  2]],

 [[33,  4],
  [ 3,  0]],

 [[35,  2],
  [ 3,  0]],

 [[33,  1],
  [ 5,  1]],

 [[33,  5],
  [ 2,  0]],

 [[33,  3],
  [ 4,  0]],

 [[31,  3],
  [ 4,  2]],

 [[33,  4],
  [ 3,  0]],

 [[27,  9],
  [ 4,  0]],

 [[35,  0],
  [ 5,  0]]]

time passed: 5514.324073076248
# authors: 10
# train docs: 160
# test docs: 40
vocab size: 2500