              precision    recall  f1-score   support

           0       0.00      0.00      0.00         5
           1       0.00      0.00      0.00         2
           2       1.00      0.25      0.40         4
           3       0.11      0.17      0.13         6
           4       0.00      0.00      0.00         4
           5       0.20      0.20      0.20         5
           6       0.00      0.00      0.00         3
           7       0.00      0.00      0.00         2
           8       0.33      0.25      0.29         4
           9       0.00      0.00      0.00         5

    accuracy                           0.10        40
   macro avg       0.16      0.09      0.10        40
weighted avg       0.17      0.10      0.11        40

[[[30,  5],
  [ 5,  0]],

 [[35,  3],
  [ 2,  0]],

 [[36,  0],
  [ 3,  1]],

 [[26,  8],
  [ 5,  1]],

 [[28,  8],
  [ 4,  0]],

 [[31,  4],
  [ 4,  1]],

 [[33,  4],
  [ 3,  0]],

 [[37,  1],
  [ 2,  0]],

 [[34,  2],
  [ 3,  1]],

 [[34,  1],
  [ 5,  0]]]

time passed: 5098.213752508163
# authors: 10
# train docs: 160
# test docs: 40
vocab size: 2495